                            ANNUAL CLIMATOLOGICAL SUMMARY

NAME: EECT INTA-vue  CITY: Yuto   STATE: Jujuy  
ELEV:   403 m  LAT:  23° 38' 00" S  LONG:  64° 28' 00" W

               TEMPERATURE (°C), HEAT BASE 18.3, COOL BASE 18.3
                          DEP.  HEAT  COOL                                          
        MEAN  MEAN        FROM  DEG   DEG                        MAX  MAX  MIN  MIN 
 YR MO  MAX   MIN   MEAN  NORM  DAYS  DAYS  HI  DATE  LOW  DATE  >=32 <=0  <=0  <=-18 
------------------------------------------------------------------------------------
 26  1  33.7  21.6  26.9   0.0     0   265  39.4  15  18.8    5   21    0    0    0
 26  2  33.4  21.7  26.9   0.0     0   254  41.1  19  19.1   27   15    0    0    0
 26  3  30.7  20.9  24.8   0.0     0   200  36.4   2  16.5   25   13    0    0    0
 26  4  26.2  17.8  21.3   0.0    15   104  35.3   4   9.2   29    5    0    0    0
 26  5  21.9  11.8  16.1   0.0    97    27  29.3   5   4.8   19    0    0    0    0
 26  6  19.6  12.3  15.4   0.0   102    15  27.3   6   3.7   26    0    0    0    0
 26  7  22.1  11.3  16.2   0.0   111    44  34.3  18   1.6    7    1    0    0    0
 26  8  25.2  11.4  17.7   0.0    89    69  36.3  27   3.8   12    2    0    0    0
 26  9  23.8  11.3  17.2   0.0    22    19  36.6   3   3.8    8    1    0    0    0
 26 10
 26 11
 26 12
------------------------------------------------------------------------------------
        26.5  15.9  20.5   0.0   435   997  41.1 FEB   1.6  JUL   58    0    0    0

                                PRECIPITATION (mm)

               DEP.   MAX        DAYS OF RAIN 
               FROM   OBS.          OVER
 YR MO  TOTAL  NORM   DAY  DATE  .2   2   20
---------------------------------------------
 26  1 217.8    0.0  56.8   19   13    9    4
 26  2 152.0    0.0  99.6   22    8    7    1
 26  3 192.0    0.0  59.2   15   20   10    3
 26  4  55.0    0.0  24.8   21   12    5    1
 26  5  16.4    0.0  12.6   17   11    1    0
 26  6  50.4    0.0  14.8    3   18    4    0
 26  7   2.8    0.0   1.6    5    6    0    0
 26  8   8.4    0.0   6.4   18    2    2    0
 26  9   0.0    0.0   0.0    1    0    0    0
 26 10
 26 11
 26 12
---------------------------------------------
       694.8   0.0  99.6  FEB   90   38    9

                                WIND SPEED (km/hr)
                          DOM
 YR MO   AVG.  HI   DATE  DIR
---------------------------------
 26  1   0.5  25.7    3     N
 26  2   0.4  20.9    7     N
 26  3   0.3  24.1    3     N
 26  4   0.3  16.1    2    NE
 26  5   0.2  25.7    7     N
 26  6   0.2  16.1   19     N
 26  7   0.4  19.3   16     N
 26  8   0.7  22.5    8    NE
 26  9   0.6  22.5    8    NE
 26 10
 26 11
 26 12
---------------------------------
         0.4  25.7  JAN    N
