                            ANNUAL CLIMATOLOGICAL SUMMARY

NAME: EECT INTA-vue  CITY: Yuto   STATE: Jujuy  
ELEV:   403 m  LAT:  23° 38' 00" S  LONG:  64° 28' 00" W

               TEMPERATURE (°C), HEAT BASE 18.3, COOL BASE 18.3
                          DEP.  HEAT  COOL                                          
        MEAN  MEAN        FROM  DEG   DEG                        MAX  MAX  MIN  MIN 
 YR MO  MAX   MIN   MEAN  NORM  DAYS  DAYS  HI  DATE  LOW  DATE  >=32 <=0  <=0  <=-18 
------------------------------------------------------------------------------------
 25  1  35.4  22.0  27.8   0.0     0   293  40.6  16  18.4   15   27    0    0    0
 25  2  37.0  21.9  28.6   0.0     0   289  41.4   5  18.1   19   24    0    0    0
 25  3  28.3  20.2  23.5   0.0     2   161  36.8   5  15.4   31    8    0    0    0
 25  4  25.2  17.1  20.3   0.0    15    75  31.1  18  13.6    8    0    0    0    0
 25  5  24.1  16.0  19.4   0.0    36    70  30.3  18   3.8   30    0    0    0    0
 25  6  19.6   8.9  13.8   0.0   147    10  24.6   5   0.6   24    0    0    0    0
 25  7  21.1  10.6  15.2   0.0   126    28  28.4   7   1.7    3    0    0    0    0
 25  8  25.4  10.0  17.1   0.0    97    57  34.0  22   1.4   25    3    0    0    0
 25  9  30.3  14.5  22.2   0.0    39   155  41.0  20   6.6    6   14    0    0    0
 25 10  31.2  16.2  23.4   0.0    25   183  42.8   5   6.9    8   17    0    0    0
 25 11  32.9  18.2  25.4   0.0     5   217  41.4  30  12.3    1   19    0    0    0
 25 12  33.5  20.6  26.5   0.0     2   253  38.4  14  13.7   17   20    0    0    0
------------------------------------------------------------------------------------
        28.6  16.3  21.9   0.0   494  1791  42.8 OCT   0.6  JUN  132    0    0    0

                                PRECIPITATION (mm)

               DEP.   MAX        DAYS OF RAIN 
               FROM   OBS.          OVER
 YR MO  TOTAL  NORM   DAY  DATE  .2   2   20
---------------------------------------------
 25  1 241.0    0.0  85.8   25   17   10    3
 25  2 177.8    0.0 148.6   18    9    7    1
 25  3 277.4    0.0  87.2   21   22   17    4
 25  4  55.0    0.0  24.4   19   12    5    1
 25  5  14.9    0.0   4.2    4   12    3    0
 25  6  10.0    0.0   4.0   18    7    3    0
 25  7   6.0    0.0   3.6   11    6    1    0
 25  8  31.8    0.0  30.6    8    3    1    1
 25  9   4.6    0.0   2.6   17    3    1    0
 25 10 103.2    0.0  87.6   18    8    4    1
 25 11  45.6    0.0  18.0   17    5    5    0
 25 12 216.8    0.0  64.8    1   17   12    4
---------------------------------------------
      1184.0   0.0 148.6  FEB  121   69   15

                                WIND SPEED (km/hr)
                          DOM
 YR MO   AVG.  HI   DATE  DIR
---------------------------------
 25  1   0.4  24.1   28   ESE
 25  2   0.4  20.9    9    NE
 25  3   0.2  19.3    6   ESE
 25  4   0.2  14.5   10     E
 25  5   0.2  19.3   11     E
 25  6   0.3  17.7   22     E
 25  7   0.3  17.7   31     E
 25  8   0.7  22.5   28     E
 25  9   1.1  22.5   13     E
 25 10   0.7  17.7    4     E
 25 11   0.8  40.2   11     E
 25 12   0.6  25.7    1    NE
---------------------------------
         0.5  40.2  NOV    E
